# NEST version: ax-delay-rework-adjacency-stdp@94b7d9928
# RecordingBackendASCII version: 2
sender	time_ms
42	0.100
85	0.100
1	58.000
2	59.500
4	60.000
5	57.400
7	59.600
8	58.700
9	58.500
11	58.300
13	58.900
16	59.500
17	58.300
19	58.200
20	58.900
21	59.500
22	59.400
23	58.200
27	57.700
32	59.700
34	59.900
36	59.400
37	58.600
39	58.800
40	59.500
42	60.000
43	58.400
45	59.000
46	59.400
48	58.100
49	59.100
50	59.600
51	59.700
52	58.300
53	59.700
55	59.700
56	59.600
59	59.200
61	57.100
62	59.900
64	58.900
65	58.900
66	58.400
67	58.300
68	59.900
70	59.200
71	58.800
73	59.100
74	59.800
75	59.900
78	59.800
80	60.000
83	59.900
84	59.600
85	58.900
86	58.800
89	59.400
90	58.200
3	61.200
6	61.000
10	60.900
12	60.700
14	61.600
15	60.700
18	60.700
24	60.800
25	60.500
26	60.400
28	60.800
29	61.500
30	60.200
31	60.900
33	60.600
35	60.200
38	62.700
41	61.400
44	62.200
47	60.400
54	60.400
57	60.600
58	60.400
60	62.300
63	60.200
69	61.100
72	61.100
76	60.700
77	60.300
79	62.000
81	62.700
82	60.200
87	60.600
88	60.700
