# NEST version: ax-delay-rework-adjacency-stdp@94b7d9928
# RecordingBackendASCII version: 2
sender	time_ms
42	0.100
85	0.100
1	5.500
2	5.700
3	5.600
4	5.500
5	5.600
6	5.700
7	5.600
8	5.800
9	5.800
10	5.700
11	5.900
12	5.700
13	5.600
14	5.600
15	5.700
16	5.800
17	5.600
18	5.800
19	5.900
20	5.800
21	5.600
22	5.700
23	5.600
24	5.600
25	5.800
26	5.800
27	5.700
28	5.700
29	5.900
30	5.900
31	5.800
32	5.700
33	5.500
34	5.800
35	5.600
36	5.800
37	6.000
38	6.100
39	5.700
40	5.700
41	5.800
42	6.700
43	5.500
44	5.500
45	5.600
46	5.600
47	5.700
48	5.600
49	5.600
50	5.800
51	5.800
52	5.700
53	5.900
54	5.900
55	5.800
56	5.800
57	5.600
58	5.700
59	6.000
60	5.700
61	5.500
62	5.700
63	5.800
64	5.800
65	5.700
66	5.700
67	5.900
68	5.700
69	5.900
70	5.600
71	6.000
72	5.600
73	5.900
74	5.800
75	5.600
76	5.700
77	5.600
78	5.700
79	5.800
80	5.800
81	5.500
82	5.700
83	5.600
84	5.600
85	7.700
86	5.900
87	5.700
88	5.600
89	5.600
90	5.600
68	40.000
1	41.300
2	41.900
3	43.200
4	44.000
5	42.300
6	41.100
7	43.600
8	43.100
9	43.900
10	44.600
11	42.400
12	43.600
13	44.100
14	42.200
16	44.500
17	41.500
18	42.400
19	42.600
20	41.800
21	43.100
22	41.400
23	43.500
24	42.500
27	43.400
28	43.500
30	42.600
31	43.800
32	44.100
33	42.700
35	42.400
36	43.200
37	42.300
39	40.400
40	41.700
41	43.800
42	43.200
43	42.800
44	43.500
45	43.500
46	42.200
47	42.100
48	43.800
49	44.600
50	43.200
51	44.200
52	42.300
53	43.600
54	43.600
55	43.700
56	43.300
57	44.300
58	42.800
59	43.200
60	43.800
61	41.800
62	44.100
63	40.400
64	42.100
65	42.700
66	41.900
67	43.300
69	44.200
70	44.200
71	43.000
72	42.600
73	41.700
74	43.300
75	43.000
76	43.200
78	44.700
79	44.900
80	43.500
81	42.200
82	41.400
83	43.800
84	43.700
86	41.600
87	43.400
88	41.900
89	42.000
90	44.400
1	45.600
1	46.600
2	45.600
2	46.600
3	45.700
3	46.600
4	45.700
4	46.600
5	45.600
5	46.600
6	45.500
6	46.600
7	45.700
7	46.600
8	45.700
8	46.600
9	45.700
9	46.600
10	45.700
10	46.600
11	45.700
11	46.600
12	45.700
12	46.600
13	45.700
13	46.600
14	45.700
14	46.600
15	45.200
15	46.200
16	45.800
16	46.600
17	45.600
17	46.600
18	45.600
18	46.600
19	45.600
19	46.600
20	45.600
20	46.600
21	45.700
21	46.600
22	45.700
22	46.600
23	45.700
23	46.600
24	45.700
24	46.600
25	45.100
25	46.000
25	46.800
26	45.200
26	46.200
27	45.700
27	46.600
28	45.700
28	46.600
29	45.100
29	46.100
29	46.800
30	45.700
30	46.600
31	45.700
31	46.600
32	45.700
32	46.600
33	45.600
33	46.600
34	45.200
34	46.300
35	45.600
35	46.600
36	45.600
36	46.600
37	45.600
37	46.600
38	45.100
38	46.100
38	46.800
39	45.400
39	46.500
40	45.600
40	46.600
41	45.700
41	46.600
42	45.700
42	46.600
43	45.700
43	46.600
44	45.700
44	46.600
45	45.700
45	46.600
46	45.600
46	46.600
47	45.700
47	46.600
48	45.700
48	46.600
49	45.800
49	46.700
50	45.700
50	46.600
51	45.700
51	46.600
52	45.600
52	46.600
53	45.700
53	46.600
54	45.700
54	46.600
55	45.700
55	46.600
56	45.700
56	46.600
57	45.800
57	46.700
58	45.700
58	46.600
59	45.700
59	46.600
60	45.700
60	46.600
61	45.600
61	46.500
62	45.800
62	46.600
63	45.600
63	46.600
64	45.600
64	46.600
65	45.700
65	46.600
66	45.600
66	46.600
67	45.700
67	46.600
68	45.800
68	46.700
69	45.800
69	46.700
70	45.700
70	46.600
71	45.600
71	46.600
72	45.600
72	46.600
73	45.600
73	46.600
74	45.700
74	46.600
75	45.600
75	46.600
76	45.700
76	46.600
77	45.200
77	46.200
78	45.800
78	46.600
79	45.900
79	46.700
80	45.700
80	46.600
81	45.600
81	46.600
82	45.600
82	46.600
83	45.700
83	46.600
84	45.700
84	46.600
85	45.100
85	46.100
86	45.600
86	46.600
87	45.700
87	46.600
88	45.600
88	46.600
89	45.700
89	46.600
90	45.800
90	46.600
3	94.500
4	93.500
5	94.900
6	94.800
18	93.200
26	93.400
27	94.000
28	93.100
32	94.800
34	95.000
36	94.700
38	95.000
41	94.500
43	94.700
53	94.000
58	94.700
61	94.700
69	94.700
71	94.500
75	94.800
76	94.500
78	95.000
79	94.500
80	94.500
81	94.600
82	93.000
83	93.800
84	94.600
89	94.500
1	97.000
2	96.800
7	95.300
8	97.000
9	96.100
10	95.200
11	95.100
12	96.300
13	96.700
14	95.800
15	95.300
16	95.800
17	97.100
19	97.200
20	95.700
21	95.500
22	96.100
23	98.100
24	96.400
25	97.400
29	95.800
30	96.200
31	97.200
33	95.300
35	96.000
37	95.300
39	95.200
40	98.000
42	96.600
44	95.800
45	97.400
46	95.900
47	96.800
48	95.200
49	95.300
50	95.900
51	95.900
55	95.600
56	96.100
57	95.900
59	95.700
60	95.100
62	96.300
63	98.100
64	95.500
65	95.100
66	95.300
67	96.800
68	95.200
70	96.300
72	96.300
73	97.400
74	95.500
77	96.900
85	96.000
86	97.400
87	95.300
88	97.700
90	97.300
3	134.200
4	134.500
11	133.800
12	134.800
13	134.800
14	134.800
15	134.800
16	134.500
18	133.800
20	133.300
21	135.000
22	134.100
23	135.000
24	134.300
27	134.300
28	133.200
29	134.400
33	134.800
34	134.200
40	134.000
41	134.600
42	134.600
48	133.800
49	134.400
54	134.600
55	133.600
57	133.900
61	133.000
66	132.500
68	134.400
69	134.800
80	135.000
84	134.700
87	133.400
1	136.100
1	138.300
1	139.300
1	140.000
2	135.200
2	138.300
2	139.200
2	139.900
3	138.200
3	139.200
3	140.000
4	138.200
4	139.300
5	136.500
5	138.300
5	139.300
5	140.000
6	135.500
6	138.200
6	139.300
6	140.000
7	136.900
7	138.400
7	139.300
7	140.000
8	137.300
8	138.400
8	139.300
8	140.000
9	136.900
9	138.400
9	139.300
9	140.000
10	135.300
10	138.200
10	139.300
10	140.000
11	138.100
11	139.400
12	138.300
12	139.300
13	138.300
13	139.300
13	140.000
14	138.200
14	139.200
14	139.900
15	138.300
15	139.300
15	140.000
16	138.100
16	139.200
16	139.900
17	136.100
17	138.300
17	139.300
17	140.000
18	138.100
18	139.300
18	140.000
19	135.100
19	138.200
19	139.300
19	140.000
20	138.200
20	139.300
20	140.000
21	138.200
21	139.300
21	140.000
22	138.200
22	139.200
22	140.000
23	138.300
23	139.200
23	139.900
24	138.100
24	139.200
24	140.000
25	137.300
25	138.500
25	139.300
26	135.200
26	138.200
26	139.300
26	140.000
27	138.100
27	139.200
27	140.000
28	138.000
28	139.200
28	140.000
29	138.300
29	139.300
29	140.000
30	136.300
30	138.400
30	139.300
30	140.000
31	137.300
31	138.500
31	139.300
31	140.000
32	136.200
32	138.400
32	139.300
32	140.000
33	138.200
33	139.300
33	140.000
34	138.200
34	139.200
34	140.000
35	136.300
35	138.400
35	139.200
35	139.900
36	136.700
36	138.400
36	139.300
36	140.000
37	135.500
37	138.300
37	139.300
37	140.000
38	135.600
38	138.300
38	139.300
38	140.000
39	136.100
39	138.300
39	139.300
40	138.300
40	139.300
41	138.300
41	139.300
42	138.300
42	139.300
42	140.000
43	135.800
43	138.400
43	139.300
43	140.000
44	136.500
44	138.300
44	139.300
44	140.000
45	137.400
45	138.600
45	139.400
46	136.600
46	138.400
46	139.200
46	139.900
47	136.600
47	138.400
47	139.300
48	138.200
48	139.400
49	138.100
49	139.200
49	140.000
50	136.600
50	138.400
50	139.300
50	140.000
51	137.700
51	138.600
51	139.400
52	135.300
52	138.200
52	139.300
52	140.000
53	135.800
53	138.300
53	139.300
53	140.000
54	138.300
54	139.300
55	138.200
55	139.300
55	140.000
56	137.600
56	138.600
56	139.300
56	140.000
57	138.100
57	139.300
58	136.200
58	138.300
58	139.200
58	139.900
59	136.800
59	138.400
59	139.300
59	140.000
60	137.300
60	138.500
60	139.300
61	138.000
61	139.300
62	136.300
62	138.300
62	139.300
62	140.000
63	135.200
63	138.300
63	139.200
63	139.900
64	135.500
64	138.300
64	139.200
64	139.900
65	136.400
65	138.400
65	139.200
65	139.900
66	138.400
66	139.400
67	136.000
67	138.300
67	139.300
68	138.200
68	139.300
69	138.400
69	139.300
69	140.000
70	136.500
70	138.400
70	139.300
70	140.000
71	135.400
71	138.200
71	139.300
71	140.000
72	136.700
72	138.400
72	139.300
72	140.000
73	136.600
73	138.400
73	139.300
73	140.000
74	135.700
74	138.300
74	139.300
74	140.000
75	136.500
75	138.400
75	139.300
75	140.000
76	135.400
76	138.300
76	139.300
76	140.000
77	135.800
77	138.300
77	139.200
77	139.900
78	136.200
78	138.400
78	139.300
79	136.700
79	138.300
79	139.200
79	139.900
80	138.200
80	139.300
80	140.000
81	136.600
81	138.400
81	139.300
81	140.000
82	136.500
82	138.400
82	139.300
83	135.700
83	138.300
83	139.200
83	139.900
84	138.200
84	139.200
84	140.000
85	137.300
85	138.500
85	139.300
85	140.000
86	136.700
86	138.300
86	139.300
86	140.000
87	138.200
87	139.300
87	140.000
88	137.100
88	138.500
88	139.300
88	140.000
89	135.600
89	138.300
89	139.300
89	140.000
90	135.700
90	138.200
90	139.300
90	140.000
2	184.500
5	184.200
7	183.700
10	183.800
11	184.700
12	184.600
14	184.800
15	184.600
19	183.600
26	183.800
30	184.200
32	184.200
33	184.600
34	184.000
35	183.600
36	184.700
38	184.200
43	184.600
46	183.500
47	184.600
49	183.500
52	183.500
53	184.400
60	184.800
61	184.100
62	184.300
64	184.100
67	183.600
68	182.900
70	185.000
71	184.700
72	184.000
74	184.400
76	183.700
81	184.600
82	185.000
84	184.700
85	184.400
6	185.500
8	185.100
13	185.200
16	186.500
16	189.100
17	185.400
20	186.200
21	185.600
22	186.000
23	186.000
24	186.400
25	186.300
27	186.200
28	185.400
29	185.400
39	186.200
40	186.100
41	185.600
48	185.800
54	185.400
55	185.100
57	186.400
59	186.200
66	185.200
73	185.500
75	185.700
77	186.000
80	185.100
83	186.000
86	185.500
87	186.100
89	185.400
90	185.700
4	192.500
16	193.200
18	193.100
31	192.800
78	192.700
73	230.000
1	233.300
2	231.100
3	232.400
4	232.600
5	232.900
6	233.100
7	233.500
8	233.400
9	232.300
10	231.000
11	233.500
12	233.300
13	231.700
14	231.700
15	233.400
16	232.800
17	233.600
18	231.800
19	232.300
20	232.700
21	233.500
22	232.100
23	231.500
24	233.200
25	231.500
26	233.800
27	233.300
28	232.500
29	231.600
30	233.000
31	232.500
33	232.900
34	233.200
39	230.800
41	233.700
43	232.000
44	233.900
45	233.800
46	231.900
47	233.800
48	232.100
49	230.400
50	233.000
51	231.300
52	232.200
53	232.600
54	231.000
55	232.200
56	231.900
57	231.800
58	232.100
59	232.900
60	232.800
61	233.600
62	233.000
63	234.200
64	233.500
65	231.600
66	233.000
67	231.800
68	231.600
69	231.700
70	231.500
72	231.700
74	232.600
75	233.300
76	234.200
78	232.700
79	232.700
80	232.500
81	232.700
82	232.500
83	234.000
84	233.400
85	232.100
86	232.100
87	232.800
88	232.400
89	233.300
90	231.800
1	238.400
2	238.300
3	238.300
4	238.300
5	238.300
6	238.300
7	238.400
8	238.400
9	238.300
10	238.300
11	238.400
12	238.300
13	238.300
14	238.200
15	238.300
16	238.300
17	238.300
18	238.400
19	238.400
20	238.300
21	238.400
22	238.300
23	238.300
24	238.300
25	238.200
26	238.300
27	238.300
28	238.300
29	238.400
30	238.400
31	238.200
32	238.300
32	240.000
33	238.300
34	238.300
35	238.300
36	238.300
36	239.900
37	238.300
38	238.300
38	239.900
39	238.300
40	238.400
41	238.300
42	238.300
43	238.300
44	238.300
45	238.200
46	238.400
46	240.000
47	238.300
48	238.300
49	238.300
50	238.300
51	238.300
52	238.300
53	238.400
54	238.300
55	238.400
55	239.800
56	238.300
57	238.400
58	238.400
59	238.300
60	238.400
60	239.800
61	238.300
62	238.400
62	239.900
63	238.200
64	238.300
65	238.400
66	238.300
67	238.300
68	238.300
69	238.300
70	238.400
71	238.300
71	239.900
72	238.300
73	238.300
74	238.400
75	238.400
76	238.200
77	238.200
78	238.300
79	238.400
79	239.800
80	238.300
81	238.300
82	238.300
83	238.300
84	238.400
85	238.400
86	238.300
87	238.400
87	239.800
88	238.300
89	238.300
90	238.300
1	240.100
2	240.200
4	240.200
6	240.500
7	240.200
8	240.200
9	240.900
10	241.500
11	240.800
16	240.600
18	240.300
19	240.500
29	240.500
30	240.400
33	240.100
34	242.900
35	240.100
37	240.500
39	241.600
40	240.100
42	242.200
43	242.800
48	240.800
49	242.000
50	240.200
51	240.100
52	240.500
53	240.100
57	240.200
58	240.500
65	240.300
69	242.600
70	240.200
73	241.200
74	240.200
75	240.700
78	242.800
82	242.100
84	240.800
85	240.400
88	240.700
90	240.400
1	279.500
2	279.500
3	279.300
4	278.900
5	279.500
6	279.200
8	276.800
9	278.800
10	279.600
11	279.400
12	277.500
13	278.800
14	278.300
15	279.100
16	278.300
19	277.500
21	278.300
24	279.600
25	279.800
26	279.600
28	279.700
29	279.000
30	279.500
31	278.300
32	278.400
34	278.100
36	279.700
38	279.800
41	277.900
44	278.800
46	278.800
47	277.800
49	279.000
52	277.900
53	279.100
55	279.200
58	277.000
59	276.700
60	277.800
61	279.600
62	279.600
64	278.400
69	277.500
70	278.300
71	278.800
72	279.800
74	278.700
75	279.000
78	279.400
80	278.500
81	279.900
83	278.100
84	279.100
86	279.300
87	279.300
89	278.100
90	279.700
7	280.700
17	280.500
18	280.900
22	280.500
23	280.600
27	280.400
33	280.500
35	280.500
37	280.700
39	280.200
40	280.900
42	280.500
43	280.100
48	280.200
50	280.100
51	280.900
56	280.700
57	280.700
63	280.900
65	280.500
66	280.200
67	280.400
68	280.700
73	280.500
76	280.700
77	280.700
79	280.100
85	280.800
88	280.200
1	285.900
1	286.600
2	285.900
2	286.600
3	285.800
3	286.400
4	285.900
4	286.600
5	285.700
5	286.300
6	285.800
6	286.400
7	285.800
7	286.400
8	285.600
8	286.200
8	287.000
9	285.900
9	286.600
10	286.000
10	286.700
11	285.900
11	286.600
12	285.700
12	286.300
13	285.800
13	286.400
14	285.800
14	286.400
15	285.900
15	286.600
16	285.900
16	286.600
17	285.900
17	286.600
18	285.600
18	286.200
18	287.000
19	285.800
19	286.400
20	285.600
20	286.200
20	287.000
21	285.500
21	286.100
21	286.800
22	285.800
22	286.400
23	285.800
23	286.400
24	285.800
24	286.400
25	286.000
25	286.700
26	285.900
26	286.600
27	285.500
27	286.100
27	286.800
28	285.900
28	286.600
29	285.400
29	286.000
29	286.700
30	285.600
30	286.200
30	287.000
31	285.900
31	286.600
32	285.800
32	286.400
33	285.700
33	286.300
34	285.800
34	286.400
35	285.800
35	286.400
36	285.900
36	286.600
37	285.500
37	286.100
37	286.800
38	285.700
38	286.300
39	285.800
39	286.400
40	285.400
40	286.000
40	286.700
41	285.400
41	286.000
41	286.700
42	285.700
42	286.300
43	285.800
43	286.400
44	285.800
44	286.400
45	285.700
45	286.300
46	285.600
46	286.200
46	287.000
47	285.700
47	286.300
48	285.600
48	286.200
48	287.000
49	285.900
49	286.600
50	285.700
50	286.300
51	285.600
51	286.200
51	287.000
52	285.700
52	286.300
53	285.700
53	286.300
54	285.800
54	286.400
55	285.800
55	286.400
56	285.400
56	286.100
56	286.800
57	285.400
57	286.000
57	286.700
58	285.800
58	286.400
59	285.700
59	286.300
60	285.800
60	286.400
61	285.900
61	286.600
62	285.800
62	286.400
63	285.700
63	286.300
64	285.900
64	286.600
65	285.800
65	286.400
66	285.500
66	286.100
66	286.800
67	285.900
67	286.600
68	285.600
68	286.200
68	287.000
69	285.500
69	286.100
69	286.800
70	285.500
70	286.100
70	286.800
71	285.800
71	286.400
72	285.800
72	286.400
73	285.700
73	286.300
74	285.800
74	286.400
75	285.800
75	286.400
76	285.600
76	286.200
76	287.000
77	285.800
77	286.400
78	285.900
78	286.600
79	285.700
79	286.300
80	285.800
80	286.400
81	285.800
81	286.400
82	285.700
82	286.300
83	285.500
83	286.100
83	286.800
84	285.800
84	286.400
85	285.400
85	286.000
85	286.700
86	286.000
86	286.700
87	285.700
87	286.300
88	285.900
88	286.600
89	285.800
89	286.400
90	285.900
90	286.600
6	334.800
51	334.900
1	336.900
2	336.600
3	336.100
4	337.300
5	336.300
7	338.600
8	338.300
9	337.300
10	337.500
11	335.700
12	336.700
13	337.600
14	337.300
15	337.200
16	337.000
17	337.600
18	338.300
19	338.500
20	337.000
21	337.900
22	336.400
23	338.500
24	336.000
25	335.600
26	337.300
27	336.700
28	337.800
29	337.200
30	339.300
31	336.900
32	337.000
33	337.500
34	336.700
35	338.200
36	337.300
37	338.600
38	337.400
39	339.000
40	337.800
41	337.700
42	336.600
43	335.200
44	336.500
45	337.100
46	335.800
47	336.900
48	335.400
49	337.400
50	337.600
52	336.200
53	335.300
54	338.500
55	337.900
56	337.900
57	336.200
58	337.700
59	336.500
60	338.100
61	338.100
62	338.500
63	335.700
64	337.200
65	337.100
66	337.500
67	336.100
68	336.200
69	336.700
70	335.300
71	336.500
72	335.700
73	338.800
74	337.000
75	336.800
76	335.100
77	336.600
78	337.300
79	338.500
80	335.700
82	336.700
83	337.600
84	338.000
85	337.700
86	337.900
87	335.900
88	338.300
89	337.900
90	338.700
3	369.000
4	368.800
5	368.900
7	369.900
8	369.500
18	369.300
20	370.000
26	369.900
27	369.900
28	369.700
31	369.300
33	369.500
35	369.300
36	369.900
39	369.500
40	369.500
41	369.800
44	369.800
45	368.900
48	369.900
49	369.400
50	369.100
51	368.100
52	369.800
53	368.800
55	368.600
56	369.900
58	369.400
69	369.000
71	369.200
73	370.000
76	368.400
77	370.000
78	369.800
80	369.300
81	368.700
82	370.000
83	370.000
85	369.200
88	369.800
1	370.600
1	373.700
2	371.000
2	373.800
3	373.600
4	373.700
5	373.700
6	371.300
6	373.800
7	373.700
8	373.700
9	370.100
9	373.700
10	372.300
10	373.800
11	371.600
11	373.700
12	370.500
12	373.700
13	370.600
13	373.700
14	371.400
14	373.800
15	372.900
15	373.900
16	372.100
16	373.800
17	372.400
17	373.800
18	373.600
19	371.300
19	373.800
20	373.700
21	372.300
21	373.800
22	371.800
22	373.800
23	372.100
23	373.800
24	370.100
24	373.700
25	370.900
25	373.800
26	373.700
27	373.700
28	373.700
29	371.500
29	373.800
30	370.500
30	373.700
31	373.600
32	370.200
32	373.700
33	373.700
34	372.600
34	373.800
35	373.600
36	373.700
37	372.000
37	373.700
38	372.000
38	373.800
39	373.700
40	373.600
41	373.700
42	370.400
42	373.700
43	372.400
43	373.800
44	373.700
45	373.600
46	371.800
46	373.800
47	371.600
47	373.700
48	373.700
49	373.600
50	373.600
51	373.800
52	373.700
53	373.600
54	370.600
54	373.700
55	373.600
56	373.600
57	370.500
57	373.700
58	373.700
59	370.400
59	373.700
60	371.300
60	373.700
61	370.900
61	373.700
62	373.200
63	373.100
64	371.100
64	373.800
65	371.500
65	373.700
66	372.400
66	373.800
67	373.300
68	371.400
68	373.700
69	373.600
70	372.500
70	373.800
71	373.600
72	372.700
72	373.900
73	373.700
74	372.500
74	373.900
75	373.300
76	373.700
77	373.700
78	373.700
79	372.800
79	373.900
80	373.600
81	373.600
82	373.700
83	373.700
84	371.700
84	373.800
85	373.700
86	372.200
86	373.800
87	370.800
87	373.800
88	373.700
89	372.100
89	373.800
90	372.200
90	373.800
7	375.500
21	376.400
40	376.500
84	375.400
4	425.000
5	424.500
6	424.400
8	425.000
10	424.500
13	425.000
15	424.500
20	423.600
22	425.000
24	424.200
28	423.600
31	424.300
32	424.500
40	424.600
41	423.800
42	424.200
43	425.000
44	424.600
47	423.700
49	424.600
59	425.000
66	424.800
69	424.700
70	424.000
72	424.500
73	425.000
75	422.900
76	424.900
85	424.600
88	424.300
89	424.800
1	426.500
2	426.600
3	425.100
7	426.500
9	426.200
11	427.000
12	425.800
14	427.700
16	426.200
17	426.300
18	427.100
19	427.700
21	426.200
23	425.400
25	427.000
26	425.600
27	427.800
29	428.000
30	427.400
33	425.800
34	425.300
35	425.500
36	425.200
37	425.100
38	426.600
39	426.400
45	426.500
46	427.000
48	425.100
50	428.000
51	425.500
52	426.000
53	426.800
54	427.200
55	425.700
56	425.700
57	428.100
58	426.500
60	425.800
61	425.500
62	425.300
63	426.400
64	425.800
65	426.700
67	425.300
68	426.300
71	426.600
74	428.000
77	425.700
78	426.300
79	426.100
80	426.700
81	426.200
82	427.400
83	427.400
84	426.600
86	426.800
87	427.000
90	426.200
56	430.100
57	430.400
79	430.100
2	472.600
4	474.600
6	474.100
7	474.400
8	473.500
9	473.000
10	474.700
11	473.200
15	472.400
16	472.400
17	474.400
18	473.800
19	474.600
20	473.000
22	473.800
23	472.500
24	473.700
27	474.500
28	475.000
29	474.600
31	475.000
32	474.000
33	474.600
34	474.700
35	474.900
36	474.000
37	473.300
38	474.600
39	472.700
40	474.100
41	474.600
43	473.800
44	474.400
45	474.700
47	474.800
48	473.400
49	474.200
51	475.000
52	474.300
53	474.100
54	473.700
55	474.600
56	473.100
57	471.100
58	474.500
60	474.300
62	475.000
63	473.600
64	473.100
65	473.300
66	474.200
67	473.300
68	473.000
69	473.100
71	474.800
73	473.300
76	474.600
77	473.600
78	472.400
79	473.200
80	474.900
81	473.300
82	474.800
85	474.300
86	473.500
89	475.000
1	475.800
3	475.400
5	475.600
12	475.100
13	475.600
14	475.900
21	476.200
25	475.400
26	476.300
30	475.700
42	475.400
46	475.400
50	475.200
59	475.100
61	476.200
70	475.400
72	476.200
74	475.200
75	476.000
83	475.900
84	476.300
87	476.200
88	475.100
90	475.500
13	514.300
21	514.600
22	513.500
24	514.900
44	514.900
56	514.600
70	514.700
73	514.400
76	514.700
79	515.000
1	515.300
2	517.000
3	516.600
5	516.700
7	517.300
8	516.900
9	516.700
10	515.200
11	516.900
12	516.600
14	515.600
15	515.900
16	516.600
20	515.900
23	516.100
25	516.900
27	515.600
28	516.500
29	516.800
30	516.900
31	516.400
32	516.100
33	515.100
35	516.500
36	516.500
37	516.500
38	515.800
40	515.200
41	516.400
42	517.400
43	515.700
45	515.600
47	515.900
49	516.000
50	515.800
51	516.000
53	516.900
57	515.300
58	516.000
59	517.400
61	516.700
62	516.100
63	516.700
64	516.900
65	515.600
67	515.100
68	516.800
69	517.000
71	516.000
72	516.500
75	516.700
77	516.200
78	516.600
80	516.900
81	516.700
82	515.500
83	517.200
84	515.100
85	516.700
86	516.500
87	515.800
88	516.100
89	516.300
90	516.000
82	548.300
1	553.000
2	552.600
3	551.600
3	554.200
4	552.300
5	553.600
6	552.400
7	553.400
8	553.500
9	553.500
10	553.200
11	552.600
12	552.000
13	551.500
13	554.400
14	553.500
15	552.200
16	553.500
17	553.400
18	553.400
19	551.900
20	553.400
21	552.600
22	552.300
22	554.300
23	553.500
24	552.100
25	553.400
26	553.400
27	553.300
28	553.600
29	551.700
29	554.300
30	553.500
31	553.400
32	553.400
33	551.700
34	553.000
35	552.700
36	553.600
37	552.000
38	553.000
39	550.100
39	554.100
40	553.500
41	553.500
42	553.400
43	553.500
44	553.600
45	553.400
46	553.500
47	551.700
48	552.800
49	553.600
50	553.400
51	553.600
52	552.200
53	552.300
53	554.400
54	553.500
55	552.100
56	553.400
57	552.800
58	553.500
59	552.300
60	552.500
61	553.500
62	553.500
63	553.600
64	553.500
65	553.500
66	552.100
67	553.600
68	553.400
69	553.500
70	553.000
71	552.200
72	552.700
73	553.500
74	550.100
74	553.900
75	553.500
76	553.500
77	553.500
78	551.800
78	554.200
79	553.200
80	553.400
81	552.000
83	552.500
84	552.200
85	551.700
86	552.400
87	553.400
88	552.200
89	553.400
90	553.500
1	558.300
2	558.300
3	558.100
4	558.300
5	558.200
6	558.200
7	558.300
8	558.200
9	558.300
10	558.200
11	558.300
12	558.200
13	558.100
14	558.200
15	558.100
16	558.300
17	558.300
18	558.300
19	558.400
20	558.200
21	558.300
22	558.100
23	558.200
24	558.200
25	558.200
26	558.300
27	558.200
28	558.300
29	558.100
30	558.300
31	558.400
32	558.300
33	558.300
34	558.200
35	558.300
36	558.200
37	558.200
38	558.100
39	558.200
40	558.200
41	558.300
42	558.200
43	558.200
44	558.300
45	558.200
46	558.300
47	558.200
48	558.200
49	558.200
50	558.200
51	558.300
52	558.300
53	558.100
54	558.100
55	558.400
56	558.200
57	558.100
58	558.300
59	558.300
60	558.200
61	558.400
62	558.200
63	558.200
64	558.300
65	558.300
66	558.100
67	558.200
68	558.300
69	558.200
70	558.200
71	558.400
72	558.200
73	558.300
74	558.400
75	558.200
76	558.300
77	558.200
78	558.200
79	558.200
80	558.300
81	558.100
82	558.200
83	558.200
84	558.400
85	558.000
86	558.300
87	558.200
88	558.300
89	558.200
90	558.200
1	591.800
2	593.400
4	592.900
5	593.200
6	593.700
7	593.700
8	594.400
9	594.300
10	594.200
11	590.700
12	591.500
15	592.100
16	593.400
17	593.400
18	593.000
19	591.500
20	592.400
21	592.300
23	594.600
24	594.000
25	593.000
26	592.300
27	593.300
28	592.400
30	592.800
31	592.100
32	594.500
33	594.200
34	594.600
35	591.900
36	592.300
37	594.900
38	593.800
39	594.700
40	593.000
43	592.700
44	592.400
45	594.900
47	593.500
48	593.100
50	593.300
51	594.900
52	592.100
53	594.600
54	594.800
56	592.500
58	592.000
60	593.800
61	593.100
63	594.000
64	593.200
65	593.600
66	594.500
67	592.200
68	590.600
70	593.900
71	590.500
72	591.700
73	590.600
74	592.700
76	592.300
77	594.700
79	591.900
80	594.700
81	593.700
83	594.900
84	591.400
85	593.400
86	593.200
87	593.600
88	593.500
89	594.100
90	593.300
3	628.400
5	629.800
7	628.600
9	629.000
10	629.900
11	629.900
12	628.600
19	628.500
20	629.900
24	629.900
25	629.600
27	628.500
29	630.000
30	628.300
34	628.400
36	628.600
37	629.800
40	628.500
43	629.700
44	628.800
46	629.900
47	629.000
48	629.900
51	629.100
54	628.200
55	628.400
60	628.900
61	629.100
63	628.800
65	629.500
67	628.200
68	629.500
70	629.600
75	629.100
79	629.500
83	629.300
84	627.800
87	629.500
1	634.200
2	634.200
3	634.200
4	630.300
4	634.200
5	634.200
6	630.600
6	634.200
7	634.100
8	630.400
8	634.200
9	634.100
10	634.200
11	634.200
12	634.200
13	634.100
14	634.200
15	634.200
16	634.200
17	630.700
17	634.100
18	630.700
18	634.200
19	634.200
20	634.200
21	630.700
21	634.200
22	630.200
22	634.200
23	634.200
24	634.200
25	634.200
26	630.200
26	634.100
27	634.200
28	630.900
28	634.200
29	634.200
30	634.200
31	630.900
31	634.100
32	634.100
33	631.000
33	634.100
34	634.200
35	634.100
36	634.200
37	634.200
38	630.200
38	634.200
39	634.100
40	634.100
41	631.100
41	634.000
42	630.400
42	634.200
43	634.200
44	634.200
45	634.100
46	634.200
47	634.200
48	634.100
49	630.400
49	634.200
50	630.100
50	634.200
51	634.100
52	634.100
53	631.000
53	634.100
54	634.200
55	634.200
56	630.500
56	634.200
57	634.100
58	634.100
59	634.200
60	634.100
61	634.200
62	634.200
63	634.200
64	630.300
64	634.200
65	634.200
66	634.200
67	634.200
68	634.200
69	630.900
69	634.100
70	634.100
71	630.800
71	634.200
72	634.100
73	631.100
73	634.000
74	634.100
75	634.200
76	634.200
77	634.100
78	630.300
78	634.200
79	634.200
80	630.900
80	634.100
81	630.200
81	634.200
82	630.200
82	634.200
83	634.100
84	634.100
85	634.000
86	630.200
86	634.200
87	634.100
88	634.100
89	634.100
90	634.100
1	635.500
2	635.500
3	635.600
4	635.500
5	635.600
6	635.500
7	635.500
8	635.500
9	635.600
10	635.500
11	635.600
12	635.500
13	635.600
14	635.500
15	635.500
16	635.500
17	635.600
18	635.500
19	635.500
20	635.500
21	635.600
22	635.500
23	635.600
24	635.600
25	635.600
26	635.600
27	635.500
28	635.500
29	635.600
30	635.500
31	635.600
32	635.500
33	635.500
34	635.500
35	635.500
36	635.500
37	635.500
38	635.500
39	635.500
40	635.500
41	635.600
42	635.500
43	635.600
44	635.600
45	635.700
46	635.500
47	635.500
48	635.600
49	635.500
50	635.600
51	635.500
52	635.600
53	635.500
54	635.600
55	635.500
56	635.500
57	635.600
58	635.500
59	635.500
60	635.500
61	635.600
62	635.500
63	635.500
64	635.500
65	635.500
66	635.600
67	635.500
68	635.500
69	635.500
70	635.500
71	635.500
72	635.600
73	635.500
74	635.600
75	635.600
76	635.500
77	635.500
78	635.600
79	635.500
80	635.600
81	635.500
82	635.500
83	635.500
84	635.500
85	635.500
86	635.500
87	635.600
88	635.500
89	635.500
90	635.600
1	682.100
2	682.200
3	680.900
4	682.800
5	683.500
6	684.000
7	683.400
8	682.800
9	681.400
10	681.800
11	681.300
12	681.000
13	682.400
14	683.300
15	682.700
16	684.300
17	682.000
18	682.600
19	682.500
20	682.800
22	682.200
24	684.000
25	684.000
26	683.200
27	681.600
28	682.200
29	684.600
30	684.300
31	683.500
32	681.300
33	683.100
34	684.100
35	681.400
36	683.500
37	683.600
38	682.500
40	682.500
41	684.100
42	682.600
43	684.000
44	682.700
45	682.100
46	683.700
47	682.300
49	684.000
50	682.800
51	682.900
53	683.300
54	681.600
55	681.300
56	681.600
57	682.600
58	683.500
59	682.500
60	683.800
61	682.600
62	683.000
63	681.100
64	683.100
65	683.300
66	682.000
67	681.100
68	684.400
69	680.700
70	682.700
71	682.900
72	681.400
73	682.700
74	682.100
75	681.800
76	684.100
78	682.000
79	682.500
80	682.600
82	682.700
83	683.400
84	682.000
85	684.700
86	681.900
87	683.500
88	684.100
89	684.500
90	682.300
21	685.600
23	685.200
39	685.600
48	685.800
52	685.800
77	685.200
81	685.500
7	724.800
1	728.300
2	726.300
3	727.800
4	728.500
5	728.500
6	726.600
8	726.300
9	727.600
10	727.900
11	728.600
12	728.500
13	726.800
14	726.000
15	725.700
16	727.400
17	726.600
18	727.500
19	725.400
20	727.700
21	727.000
22	725.200
23	728.500
24	728.500
25	726.200
26	727.300
27	727.400
28	726.600
29	728.400
31	728.700
32	726.700
33	725.700
34	726.000
35	726.400
36	728.600
37	728.000
38	728.500
39	728.700
40	729.400
41	728.400
42	727.100
43	728.300
44	725.400
45	728.100
46	729.200
47	726.000
48	729.200
49	727.900
50	725.800
51	726.300
52	729.500
53	728.100
54	728.000
55	727.800
56	726.900
58	725.800
59	726.200
60	727.900
61	725.900
62	728.700
63	726.600
64	729.300
65	726.500
66	728.800
67	726.600
68	725.300
69	728.200
70	727.700
71	727.200
72	726.100
74	725.300
75	728.300
76	725.600
77	727.800
78	726.700
79	729.100
80	726.100
81	726.900
82	729.100
83	728.400
84	729.400
85	729.300
86	726.800
87	727.100
88	728.100
89	726.400
90	726.900
4	764.600
10	764.800
30	763.500
33	764.700
35	764.600
84	764.900
1	765.700
2	766.600
3	767.000
5	766.200
6	767.300
8	767.900
11	767.100
13	765.300
14	767.400
15	766.600
16	767.800
17	766.100
18	765.700
19	766.600
20	767.600
21	766.600
22	766.200
23	767.500
24	767.600
25	766.100
27	767.500
29	766.600
32	765.300
34	767.200
36	765.700
37	767.200
38	765.300
39	765.100
40	766.600
42	767.900
43	766.600
44	768.100
45	765.800
46	766.500
47	765.900
48	766.300
49	766.100
50	766.900
51	767.000
52	767.700
53	767.500
54	765.400
55	767.200
56	767.600
57	768.100
58	767.700
59	765.900
60	766.200
61	767.600
62	767.300
63	766.900
64	767.600
65	767.400
67	766.400
68	765.800
69	767.300
70	767.200
72	766.200
73	767.000
74	767.500
75	767.400
76	765.200
77	765.400
78	766.500
81	765.800
82	765.500
83	767.800
85	767.800
86	765.400
87	766.800
88	766.400
89	767.800
90	765.800
1	804.600
6	803.500
7	804.200
9	804.000
11	803.800
12	804.100
13	804.800
16	804.400
18	804.500
22	803.000
24	804.800
26	804.300
29	803.800
30	803.200
31	804.700
35	804.600
37	804.100
41	804.600
43	804.000
44	803.700
47	804.500
49	804.700
50	804.800
51	803.900
52	803.300
54	805.000
56	803.400
58	805.000
61	804.200
66	803.500
68	804.600
70	804.300
71	804.300
73	804.900
74	805.000
75	804.900
76	804.300
79	804.400
80	804.500
81	804.600
83	804.200
86	804.500
87	803.000
88	803.300
90	804.800
1	808.400
2	805.800
2	808.400
3	806.700
3	808.500
4	805.200
4	808.400
5	805.600
5	808.400
6	808.300
7	808.400
8	805.300
8	808.400
9	808.400
10	807.000
11	808.400
12	808.400
13	808.400
14	805.700
14	808.400
15	805.500
15	808.400
16	808.400
17	808.100
18	808.400
19	805.800
19	808.500
20	806.900
20	808.500
21	805.300
21	808.400
22	808.400
23	806.900
24	808.400
25	805.100
25	808.400
26	808.400
27	806.600
27	808.500
28	806.900
28	808.500
29	808.400
30	808.300
31	808.400
32	805.100
32	808.400
33	805.800
33	808.400
34	807.900
35	808.400
36	806.100
36	808.500
37	808.400
38	806.500
38	808.500
39	805.200
39	808.400
40	805.200
40	808.400
41	808.400
42	806.500
42	808.500
43	808.400
44	808.400
45	805.600
45	808.400
46	805.300
46	808.400
47	808.400
48	805.600
48	808.400
49	808.400
50	808.400
51	808.400
52	808.400
53	806.400
53	808.400
54	808.400
55	806.400
55	808.500
56	808.300
57	805.900
57	808.500
58	808.400
59	805.100
59	808.400
60	805.200
60	808.400
61	808.400
62	806.000
62	808.400
63	806.200
63	808.400
64	805.900
64	808.500
65	805.200
65	808.400
66	808.400
67	806.600
67	808.500
68	808.400
69	805.300
69	808.400
70	808.400
71	808.400
72	806.100
72	808.400
73	808.400
74	808.400
75	808.400
76	808.400
77	805.300
77	808.400
78	805.500
78	808.400
79	808.400
80	808.300
81	808.400
82	806.400
82	808.500
83	808.400
84	805.600
84	808.500
85	806.000
85	808.400
86	808.400
87	808.400
88	808.300
89	805.100
89	808.400
90	808.400
5	849.100
10	849.000
14	849.800
18	849.900
19	847.900
20	848.300
24	848.700
26	849.500
27	848.100
28	850.000
30	848.900
31	847.900
32	849.300
40	849.500
42	850.000
46	848.200
49	849.600
51	850.000
53	849.700
55	849.900
56	849.400
58	850.000
59	849.000
63	849.200
65	850.000
66	848.200
69	848.300
74	848.500
77	849.800
78	849.200
81	849.900
82	848.600
85	849.200
86	849.700
89	850.000
90	849.600
1	851.000
1	853.400
2	850.700
2	853.300
3	850.900
3	853.300
4	852.100
4	853.400
5	853.300
6	850.100
6	853.300
7	851.500
7	853.400
8	850.600
8	853.300
9	850.200
9	853.300
10	853.300
11	850.700
11	853.400
12	851.800
12	853.400
13	851.000
13	853.300
14	853.300
15	852.400
15	853.400
16	851.200
16	853.300
17	850.700
17	853.300
18	853.300
19	853.300
20	853.200
21	850.900
21	853.300
22	851.500
22	853.400
23	850.800
23	853.300
24	853.300
25	851.900
25	853.400
26	853.300
27	853.200
28	853.300
29	850.500
29	853.300
30	853.300
31	853.300
32	853.300
33	850.600
33	853.300
34	850.200
34	853.300
35	852.900
35	853.800
36	850.500
36	853.400
37	850.200
37	853.300
38	850.400
38	853.400
39	850.300
39	853.300
40	853.300
41	850.500
41	853.300
42	853.300
43	851.800
43	853.400
44	852.900
44	853.800
45	850.800
45	853.300
46	853.300
47	853.000
48	850.500
48	853.300
49	853.300
50	850.700
50	853.300
51	853.300
52	852.200
52	853.400
53	853.300
54	850.700
54	853.300
55	853.300
56	853.300
57	850.300
57	853.400
58	853.300
59	853.300
60	850.500
60	853.300
61	850.100
61	853.300
62	850.600
62	853.300
63	853.300
64	850.100
64	853.300
65	853.300
66	853.200
67	851.800
67	853.400
68	851.900
68	853.400
69	853.200
70	850.400
70	853.300
71	850.700
71	853.300
72	850.700
72	853.300
73	850.600
73	853.300
74	853.300
75	851.400
75	853.400
76	850.200
76	853.300
77	853.300
78	853.300
79	852.800
79	853.600
80	850.200
80	853.300
81	853.300
82	853.200
83	850.200
83	853.300
84	852.600
84	853.400
85	853.300
86	853.300
87	850.400
87	853.300
88	850.700
88	853.300
89	853.300
90	853.300
5	893.500
6	895.000
7	894.700
11	894.000
14	894.000
16	894.700
17	893.400
20	893.900
25	895.000
29	894.300
30	892.900
34	894.300
35	895.000
40	893.500
41	893.600
42	894.900
44	894.700
45	894.900
47	894.500
49	894.300
51	893.700
58	894.200
59	894.700
63	892.200
65	894.400
66	894.600
68	895.000
70	894.200
72	894.100
73	894.100
78	894.300
80	894.500
82	894.100
84	894.500
88	895.000
1	897.300
1	899.600
2	895.800
2	899.400
3	895.300
3	898.100
3	899.500
4	896.500
4	899.500
5	897.900
5	899.700
6	898.100
6	899.400
7	899.400
8	895.300
8	899.500
9	895.300
9	898.100
9	899.400
10	897.400
10	899.700
11	898.100
11	899.500
12	896.700
12	899.600
13	895.900
13	898.100
13	899.300
14	897.900
14	899.600
15	895.500
15	898.100
15	899.500
16	898.000
16	899.500
17	897.800
17	899.600
18	896.100
18	899.500
19	896.800
19	899.500
20	898.000
20	899.500
21	895.100
21	898.100
21	899.400
22	896.700
22	899.500
23	895.300
23	898.100
23	899.400
24	896.600
24	899.400
25	898.000
25	899.600
26	896.000
26	899.500
27	895.400
27	898.100
27	899.400
28	895.300
28	898.100
28	899.500
29	898.100
29	899.400
30	897.800
30	899.600
31	895.500
31	898.100
31	899.400
32	897.100
32	899.500
33	895.600
33	898.100
33	899.400
34	898.000
34	899.500
35	898.000
35	899.400
36	896.600
36	899.400
37	895.300
37	898.100
37	899.400
38	896.000
38	898.100
38	899.400
39	895.400
39	899.500
40	897.900
40	899.500
41	898.100
41	899.500
42	898.100
42	899.400
43	895.200
43	898.000
43	899.500
44	898.000
44	899.500
45	898.100
45	899.400
46	896.800
46	899.400
47	898.000
47	899.500
48	895.900
48	899.400
49	898.000
49	899.500
50	897.400
50	899.500
51	897.800
51	899.600
52	895.200
52	898.100
52	899.500
53	896.700
53	898.200
53	899.400
54	897.400
54	899.500
55	896.200
55	899.400
56	895.200
56	898.100
56	899.400
57	896.900
57	899.500
58	898.000
58	899.400
59	898.100
59	899.400
60	895.200
60	898.100
60	899.400
61	895.100
61	898.000
61	899.500
62	895.900
62	898.100
62	899.400
63	899.800
64	897.300
64	899.600
65	898.000
65	899.500
66	898.100
66	899.400
67	896.500
67	899.400
68	898.100
68	899.500
69	897.300
69	899.500
70	897.900
70	899.500
71	897.300
71	899.500
72	898.000
72	899.500
73	897.900
73	899.500
74	897.400
74	899.600
75	896.100
75	899.500
76	896.300
76	899.600
77	896.200
77	899.400
78	898.100
78	899.500
79	897.400
79	899.500
80	897.900
80	899.600
81	897.300
81	899.600
82	898.000
82	899.600
83	896.900
83	899.400
84	899.400
85	896.000
85	898.100
85	899.400
86	895.700
86	898.100
86	899.500
87	895.600
87	898.100
87	899.400
88	899.400
89	895.100
89	898.100
89	899.400
90	895.400
90	898.100
90	899.400
2	948.100
3	948.800
9	949.000
10	950.000
12	949.900
15	949.500
16	948.200
17	949.100
20	949.100
24	948.800
25	948.400
26	949.200
27	949.300
28	948.200
32	949.200
33	949.700
34	948.200
35	948.400
39	950.000
40	949.000
42	949.800
43	949.100
53	949.500
54	947.900
56	948.500
59	947.500
69	949.700
72	949.600
77	948.600
79	948.800
82	949.000
84	949.400
87	948.800
88	949.200
89	949.100
1	951.200
4	952.300
5	951.600
6	952.000
7	950.100
8	950.300
11	951.700
13	951.500
14	951.000
18	950.900
19	950.800
21	950.500
22	951.200
30	950.300
31	950.600
36	951.000
37	951.500
38	950.300
41	951.100
44	950.200
45	950.800
46	951.100
47	951.300
48	950.300
49	951.800
50	952.200
51	950.900
52	950.200
55	950.300
57	951.300
58	950.900
60	950.100
63	950.700
64	950.500
65	950.100
66	951.400
67	950.100
68	950.400
70	950.200
71	950.200
73	951.300
74	952.100
75	950.100
76	950.400
78	951.000
80	951.000
81	950.500
83	950.500
85	951.200
86	950.800
90	951.400
2	984.700
3	983.700
6	983.800
7	984.600
9	984.100
11	984.500
12	984.700
13	983.900
14	984.000
15	983.300
16	983.700
17	984.200
20	983.300
21	984.700
22	984.500
23	983.600
24	984.300
26	983.800
29	981.800
30	984.000
31	983.700
32	984.200
33	983.500
34	982.200
35	984.800
36	983.800
37	983.500
38	984.400
39	984.600
41	984.800
42	983.100
44	983.500
47	984.200
48	984.000
50	982.600
51	983.300
52	983.900
53	984.400
56	984.100
59	983.400
60	984.900
61	982.800
62	982.100
63	984.500
64	983.600
65	983.000
67	983.800
69	985.000
71	984.400
72	983.700
73	984.400
74	981.900
76	984.400
77	984.200
78	984.400
81	983.900
82	983.000
88	984.400
89	984.300
1	986.700
2	987.300
3	987.300
4	985.800
4	987.400
5	985.100
5	987.300
6	987.300
7	987.300
8	986.800
9	987.300
10	985.500
10	987.400
11	987.300
12	987.300
13	987.300
14	987.300
15	987.200
16	987.300
17	987.300
18	985.800
18	987.300
19	986.900
20	987.300
21	987.300
22	987.300
23	987.200
24	987.300
25	985.100
25	987.300
26	987.300
27	986.500
27	987.400
28	985.600
28	987.400
29	987.300
30	987.300
31	987.300
32	987.300
33	987.300
34	987.200
35	987.300
36	987.300
37	987.300
38	987.300
39	987.300
40	985.100
40	987.400
41	987.300
42	987.200
43	985.100
43	987.400
44	987.300
45	986.100
45	987.400
46	985.700
46	987.400
47	987.300
48	987.300
49	987.000
50	987.200
51	987.300
52	987.300
53	987.300
54	986.000
54	987.400
55	985.900
55	987.400
56	987.300
57	985.400
57	987.300
58	985.800
58	987.400
59	987.300
60	987.300
61	987.200
62	987.200
63	987.300
64	987.300
65	987.200
66	986.100
66	987.400
67	987.300
68	985.900
68	987.400
69	987.400
70	986.700
71	987.300
72	987.300
73	987.200
74	987.300
75	986.900
76	987.300
77	987.300
78	987.300
79	985.400
79	987.400
80	985.800
80	987.400
81	987.300
82	987.300
83	985.200
83	987.400
84	986.500
84	987.500
85	986.700
86	986.300
86	987.400
87	985.100
87	987.300
88	987.300
89	987.300
90	986.200
90	987.400
1	990.400
1	991.200
2	990.400
3	990.300
4	990.400
4	991.200
5	990.400
6	990.400
6	991.200
7	990.400
7	991.200
8	990.300
8	991.200
10	990.500
12	991.100
13	990.500
14	990.400
14	991.200
15	990.400
15	991.200
16	991.200
17	990.600
18	990.400
19	990.500
20	991.000
21	990.400
21	991.200
22	991.000
23	990.500
24	991.100
25	991.200
27	990.400
27	991.200
28	991.200
29	990.100
30	990.400
30	991.200
31	990.300
31	991.200
33	990.400
33	991.200
34	990.500
34	991.200
35	990.500
36	990.400
36	991.200
37	990.400
37	991.200
38	990.400
38	991.200
39	990.300
39	991.200
40	991.000
41	990.300
41	991.200
42	990.400
42	991.200
43	990.300
43	991.200
44	990.500
45	990.300
46	990.200
47	990.400
47	991.200
48	990.400
48	991.200
49	991.000
50	990.300
51	990.400
51	991.200
52	990.400
52	991.200
53	990.400
54	990.200
54	991.200
55	990.200
56	990.500
57	990.300
58	990.300
59	991.100
60	990.300
62	990.200
63	991.000
64	990.500
65	991.100
66	990.300
66	991.200
67	990.500
68	990.400
68	991.200
69	990.200
70	990.200
71	991.100
72	990.400
73	990.400
73	991.200
74	990.200
75	990.600
76	991.100
77	990.500
78	990.500
79	990.300
80	991.100
81	990.600
82	991.200
83	990.300
84	990.200
84	991.200
85	990.200
85	991.100
86	990.300
86	991.200
87	990.300
87	991.200
88	991.100
89	990.500
90	990.300
1	996.900
1	997.700
2	996.900
2	997.700
3	996.900
3	997.700
4	996.800
4	997.500
5	997.000
5	997.900
6	996.800
6	997.500
7	996.800
7	997.500
8	996.800
8	997.500
9	996.900
9	997.700
10	996.900
10	997.700
11	996.900
11	997.700
12	996.900
12	997.700
13	996.800
13	997.500
14	996.800
14	997.600
15	996.800
15	997.500
16	996.800
16	997.600
17	996.800
17	997.500
18	996.800
18	997.500
19	996.800
19	997.500
20	996.900
20	997.700
21	996.800
21	997.600
22	996.800
22	997.500
23	997.000
23	998.000
24	996.900
24	997.700
25	996.900
25	997.700
26	996.900
26	997.700
27	996.900
27	997.700
28	996.900
28	997.700
29	996.900
29	997.700
30	996.800
30	997.500
31	996.800
31	997.500
32	996.900
32	997.700
33	996.800
33	997.500
34	996.800
34	997.600
35	996.800
35	997.500
36	996.800
36	997.500
37	996.800
37	997.500
38	996.700
38	997.400
39	996.700
39	997.400
40	996.900
40	997.700
41	996.800
41	997.500
42	996.900
42	997.700
43	996.800
43	997.600
44	996.900
44	997.700
45	997.000
45	997.900
46	996.900
46	997.700
47	996.800
47	997.500
48	996.800
48	997.500
49	996.900
49	997.700
50	996.800
50	997.500
51	996.800
51	997.500
52	996.800
52	997.500
53	996.800
53	997.500
54	996.800
54	997.500
55	996.900
55	997.700
56	996.900
56	997.700
57	996.900
57	997.700
58	996.900
58	997.700
59	996.900
59	997.700
60	996.800
60	997.500
61	996.900
61	997.700
62	996.900
62	997.700
63	996.900
63	997.700
64	996.900
64	997.700
65	996.800
65	997.500
66	996.800
66	997.500
67	996.900
67	997.700
68	996.800
68	997.500
69	996.900
69	997.700
70	996.900
70	997.700
71	996.900
71	997.700
72	996.900
72	997.700
73	996.800
73	997.500
74	996.900
74	997.700
75	996.900
75	997.700
76	996.800
76	997.500
77	996.900
77	997.700
78	996.900
78	997.700
79	996.800
79	997.500
80	996.900
80	997.700
81	996.900
81	997.700
82	996.800
82	997.500
83	996.800
83	997.500
84	996.800
84	997.500
85	996.800
85	997.500
86	996.900
86	997.700
87	996.800
87	997.500
88	996.800
88	997.500
89	996.900
89	997.700
90	996.900
90	997.700
1	1002.100
2	1002.100
3	1002.100
4	1002.000
5	1002.100
6	1002.000
7	1002.000
8	1002.000
9	1002.000
10	1002.100
11	1002.100
12	1002.100
13	1002.100
14	1002.100
15	1002.000
16	1002.100
17	1002.100
18	1002.100
19	1002.100
20	1002.100
21	1002.100
22	1002.100
23	1002.100
24	1002.100
25	1002.100
26	1002.100
27	1002.100
28	1002.100
29	1002.000
30	1002.000
31	1002.000
32	1002.100
33	1002.000
34	1002.100
35	1002.100
36	1002.000
37	1002.100
38	1002.100
39	1001.500
39	1002.100
40	1002.100
41	1002.000
42	1002.100
43	1002.100
44	1002.100
45	1002.100
46	1002.000
47	1002.100
48	1002.000
49	1002.100
50	1002.000
51	1002.000
52	1002.100
53	1002.100
54	1002.000
55	1002.000
56	1002.100
57	1002.100
58	1002.000
59	1002.100
60	1002.000
61	1002.100
62	1002.000
63	1002.100
64	1002.000
65	1002.100
66	1002.100
67	1002.100
68	1002.100
69	1002.100
70	1002.000
71	1002.100
72	1002.000
73	1002.000
74	1002.100
75	1002.100
76	1002.100
77	1002.100
78	1002.100
79	1002.000
80	1002.100
81	1002.100
82	1002.100
83	1002.000
84	1002.000
85	1002.000
86	1002.100
87	1002.000
88	1002.000
89	1002.100
90	1002.100
1	1048.600
2	1047.400
3	1048.700
4	1047.000
5	1049.400
6	1048.300
8	1049.200
9	1048.800
10	1048.700
13	1049.000
14	1048.600
15	1047.900
16	1048.700
17	1049.000
18	1046.800
19	1048.000
20	1047.500
21	1049.300
22	1047.700
23	1046.100
24	1047.400
25	1048.200
26	1048.900
27	1048.700
28	1047.700
29	1048.400
30	1049.100
33	1047.100
35	1050.000
36	1047.700
37	1047.200
38	1048.200
40	1047.000
41	1048.100
43	1048.500
44	1048.900
45	1048.200
46	1049.100
47	1049.300
48	1048.100
49	1048.200
50	1049.500
51	1049.500
52	1045.900
53	1047.700
54	1049.100
55	1049.000
56	1050.000
57	1049.500
58	1049.200
59	1049.700
60	1046.500
61	1048.300
63	1047.100
64	1048.800
65	1048.100
66	1048.800
68	1048.300
69	1047.100
70	1047.800
71	1048.100
72	1049.700
73	1049.100
74	1048.700
75	1047.900
76	1047.800
77	1049.000
78	1048.000
79	1049.100
80	1048.500
81	1047.400
82	1049.100
84	1048.300
86	1046.500
87	1049.400
88	1049.600
89	1049.300
90	1049.100
2	1051.400
4	1051.400
7	1050.400
11	1051.000
12	1050.400
18	1051.400
20	1051.400
23	1051.400
24	1051.400
31	1050.800
32	1050.200
33	1051.400
34	1050.200
36	1051.400
37	1051.300
39	1050.600
40	1051.400
42	1050.500
48	1051.400
53	1051.400
60	1051.400
62	1051.100
63	1051.400
67	1050.400
69	1051.400
70	1051.400
76	1051.400
80	1051.400
81	1051.400
83	1050.200
84	1051.400
85	1050.300
86	1051.300
6	1089.700
15	1088.900
18	1089.900
20	1089.100
23	1089.800
24	1089.100
26	1089.700
27	1089.700
28	1089.600
30	1089.900
35	1089.700
36	1089.200
38	1089.400
39	1088.600
48	1089.600
50	1089.800
52	1089.000
57	1088.800
63	1089.500
67	1090.000
69	1089.900
71	1089.500
80	1088.500
83	1089.700
85	1089.600
87	1090.000
1	1091.200
2	1092.800
3	1090.500
4	1092.000
5	1090.300
7	1090.700
8	1091.200
9	1090.500
10	1092.400
11	1090.800
12	1090.500
13	1091.000
14	1090.100
16	1091.600
17	1092.300
19	1092.100
21	1091.800
22	1091.700
25	1091.000
29	1090.300
31	1090.500
32	1092.000
33	1090.500
34	1091.700
37	1090.100
40	1091.500
41	1090.600
42	1090.700
43	1091.300
44	1090.100
45	1090.900
46	1091.500
47	1091.500
49	1092.000
51	1091.400
53	1090.100
54	1092.300
55	1091.600
56	1092.700
58	1091.800
59	1090.800
60	1090.800
61	1090.500
62	1090.200
64	1091.600
65	1091.300
66	1091.900
68	1090.600
70	1091.300
72	1091.600
73	1091.800
74	1090.700
75	1092.500
76	1091.100
77	1092.000
78	1091.200
79	1092.400
81	1090.400
82	1092.100
84	1091.400
86	1092.500
88	1092.600
89	1090.800
90	1091.700
1	1119.100
2	1116.900
4	1119.500
7	1119.500
9	1119.200
11	1119.500
12	1118.700
16	1119.500
17	1118.200
19	1118.700
22	1118.300
23	1119.800
24	1119.700
26	1119.000
27	1120.000
31	1117.200
35	1120.000
36	1117.200
37	1117.300
38	1118.000
39	1117.600
41	1118.800
42	1120.000
43	1119.700
44	1118.700
45	1119.600
47	1118.800
48	1118.600
49	1117.700
50	1119.900
51	1118.900
52	1119.600
53	1119.400
54	1119.600
55	1119.900
56	1119.700
57	1118.200
59	1118.800
61	1116.100
63	1118.200
66	1119.200
67	1118.200
68	1119.100
69	1117.700
71	1118.800
74	1119.800
75	1119.500
77	1118.900
80	1117.800
81	1118.900
86	1119.000
87	1117.500
88	1118.800
89	1119.700
90	1118.900
10	1120.200
20	1120.100
30	1120.200
72	1120.200
1	1158.700
2	1157.500
3	1157.900
4	1157.400
5	1157.700
6	1156.700
7	1157.000
8	1156.900
10	1156.100
11	1157.500
12	1157.000
13	1157.900
14	1159.300
15	1156.300
16	1156.900
17	1157.600
18	1158.000
19	1156.200
20	1157.700
22	1157.500
23	1157.700
24	1157.800
25	1157.900
26	1158.500
27	1158.000
28	1157.900
29	1156.500
30	1157.800
31	1157.200
32	1158.300
33	1155.700
34	1158.800
35	1157.700
36	1157.300
37	1158.300
39	1158.700
40	1156.100
41	1158.100
42	1156.300
44	1158.000
45	1157.800
46	1158.200
47	1157.900
48	1158.800
49	1157.100
50	1158.200
51	1157.100
52	1157.600
53	1158.500
54	1158.600
55	1157.800
56	1159.100
57	1156.200
58	1157.500
59	1157.700
60	1157.300
61	1155.700
62	1158.100
63	1158.900
64	1157.600
65	1157.500
66	1158.300
67	1158.700
68	1156.900
69	1157.300
70	1158.200
71	1158.800
72	1157.100
73	1156.400
74	1157.700
76	1156.500
78	1157.800
79	1158.800
80	1157.000
81	1156.700
82	1158.200
83	1157.300
84	1156.000
85	1157.100
86	1158.000
87	1159.300
88	1158.900
90	1158.000
1	1190.000
5	1187.300
9	1189.300
12	1188.500
15	1189.100
16	1189.000
17	1189.100
24	1189.900
31	1189.600
42	1189.000
43	1189.300
45	1189.400
46	1189.700
48	1189.900
56	1189.800
63	1189.600
68	1189.300
69	1188.700
72	1189.900
75	1189.600
76	1189.200
77	1188.100
81	1188.800
84	1189.500
85	1188.500
86	1189.400
89	1190.000
90	1189.300
2	1192.500
3	1192.000
6	1191.300
7	1192.400
8	1191.000
10	1191.500
11	1192.500
13	1190.100
14	1192.400
18	1192.500
19	1192.400
20	1190.300
21	1190.200
22	1190.100
23	1191.300
25	1190.600
26	1191.800
27	1191.700
28	1191.800
29	1190.200
30	1191.300
32	1191.700
33	1191.400
34	1190.800
35	1192.100
36	1191.900
37	1191.000
38	1190.600
39	1192.500
40	1192.500
41	1190.900
44	1191.100
47	1192.500
49	1191.300
50	1191.800
51	1190.800
52	1192.300
53	1190.500
54	1191.800
55	1191.700
57	1192.400
58	1192.400
59	1190.300
60	1192.000
61	1191.200
62	1190.800
64	1191.400
65	1190.800
66	1191.700
67	1190.200
70	1191.700
71	1191.700
73	1190.900
74	1190.500
78	1190.500
79	1192.400
80	1190.600
82	1192.400
83	1192.400
87	1192.400
88	1190.800
2	1208.700
5	1209.600
14	1209.700
47	1207.100
83	1208.300
13	1210.600
20	1210.600
29	1210.600
40	1210.600
59	1210.300
69	1210.700
81	1210.400
85	1210.400
58	1271.100
5	1317.200
8	1318.200
13	1317.300
14	1316.400
31	1318.400
37	1318.000
47	1317.700
52	1318.400
54	1318.400
61	1317.900
88	1318.100
2	1324.600
3	1324.900
11	1324.300
15	1324.700
19	1324.400
21	1324.600
34	1324.500
36	1324.900
39	1325.000
43	1324.300
50	1325.000
56	1324.800
57	1324.700
58	1324.900
66	1324.600
71	1324.900
74	1324.700
78	1325.000
86	1324.600
4	1325.300
6	1326.300
10	1325.700
17	1327.700
18	1325.500
23	1325.100
25	1325.700
31	1326.600
35	1325.300
38	1328.200
41	1328.200
44	1325.200
49	1328.200
51	1328.200
52	1328.500
55	1328.500
67	1328.400
69	1325.500
72	1328.700
73	1325.300
76	1325.700
84	1328.000
89	1327.700
1	1330.700
1	1332.600
1	1333.600
2	1330.600
2	1331.900
2	1333.200
3	1330.600
3	1331.800
3	1333.100
4	1330.600
4	1332.200
4	1333.200
5	1330.600
5	1331.700
5	1333.100
6	1330.700
6	1332.400
6	1333.300
7	1330.600
7	1331.600
7	1333.000
8	1330.600
8	1332.100
8	1333.200
9	1330.600
9	1331.900
9	1333.200
10	1330.600
10	1332.800
11	1330.600
11	1331.700
11	1333.100
12	1330.600
12	1332.400
12	1333.500
13	1330.700
13	1332.100
13	1333.200
14	1330.600
14	1331.600
14	1333.000
15	1330.700
15	1331.900
15	1333.100
16	1330.800
16	1332.400
16	1333.300
17	1330.700
17	1332.100
17	1333.500
18	1330.600
18	1332.100
18	1333.200
19	1330.500
19	1331.300
19	1332.800
20	1330.700
20	1332.500
20	1333.500
21	1330.600
21	1331.800
21	1333.100
22	1330.700
22	1332.000
22	1333.200
23	1330.600
23	1331.900
23	1333.200
24	1330.700
24	1332.500
25	1330.600
25	1332.300
25	1333.300
26	1330.700
26	1332.300
26	1333.300
27	1330.700
27	1332.000
27	1333.200
28	1330.500
28	1331.500
28	1333.000
29	1330.700
29	1332.100
29	1333.200
30	1330.700
30	1332.200
30	1333.200
31	1330.600
31	1333.000
32	1330.700
32	1332.500
32	1333.600
33	1330.700
33	1332.600
33	1333.600
34	1330.600
34	1331.700
34	1333.100
35	1330.600
35	1331.900
35	1333.200
36	1330.600
36	1331.800
36	1333.100
37	1330.700
37	1332.000
37	1333.200
38	1330.600
38	1331.900
38	1333.200
39	1330.600
39	1331.800
39	1333.100
40	1330.700
40	1332.000
40	1333.200
41	1330.800
41	1332.200
41	1333.200
42	1330.700
42	1332.300
42	1333.300
43	1330.600
43	1331.700
43	1333.000
44	1330.600
44	1331.800
44	1333.100
45	1330.700
45	1332.100
45	1333.200
46	1330.700
46	1332.200
46	1333.200
47	1330.600
47	1331.900
47	1333.200
48	1330.700
48	1332.400
48	1333.400
49	1330.700
49	1332.100
49	1333.200
50	1330.800
50	1332.100
50	1333.200
51	1330.700
51	1332.100
51	1333.200
52	1330.500
52	1331.500
52	1333.000
53	1330.600
53	1331.600
53	1333.000
54	1330.600
54	1331.700
54	1333.100
55	1330.600
55	1332.000
55	1333.200
56	1330.700
56	1332.100
56	1333.200
57	1330.600
57	1331.700
57	1333.100
58	1330.700
58	1332.000
58	1333.200
59	1330.700
59	1332.800
60	1330.700
60	1332.400
60	1333.300
61	1330.500
61	1331.300
61	1332.700
62	1330.700
62	1332.000
62	1333.200
63	1330.700
63	1332.600
63	1333.700
64	1330.800
64	1332.400
64	1333.400
65	1330.600
65	1331.700
65	1333.100
66	1330.600
66	1331.800
66	1333.200
67	1330.700
67	1332.400
67	1333.300
68	1330.700
68	1332.300
68	1333.300
69	1330.600
69	1332.000
69	1333.200
70	1330.700
70	1332.700
71	1330.600
71	1331.900
71	1333.100
72	1330.400
72	1331.100
72	1332.400
72	1333.400
73	1330.600
73	1332.200
73	1333.300
74	1330.600
74	1331.900
74	1333.200
75	1330.600
75	1331.800
75	1333.100
76	1330.700
76	1332.400
76	1333.400
77	1330.700
77	1332.000
77	1333.200
78	1330.700
78	1332.100
78	1333.200
79	1330.700
79	1332.600
80	1330.600
80	1331.900
80	1333.200
81	1330.600
81	1332.100
81	1333.200
82	1330.700
82	1332.300
82	1333.300
83	1330.700
83	1332.100
83	1333.200
84	1330.700
84	1332.200
84	1333.300
85	1330.600
85	1331.800
85	1333.100
86	1330.600
86	1331.800
86	1333.100
87	1330.800
87	1332.300
87	1333.300
88	1330.700
88	1332.100
88	1333.200
89	1330.700
89	1332.100
90	1330.600
90	1332.100
90	1333.200
7	1335.900
17	1335.900
18	1335.900
19	1335.900
21	1335.900
23	1335.900
30	1335.900
31	1335.900
34	1335.900
54	1335.900
56	1335.900
58	1335.900
60	1335.900
63	1335.900
73	1335.900
74	1335.900
84	1335.900
89	1335.900
1	1384.100
3	1382.700
4	1383.800
7	1382.300
13	1383.300
18	1383.300
19	1383.100
23	1383.300
26	1384.200
29	1383.500
30	1382.400
31	1383.200
33	1383.300
40	1384.000
54	1384.000
56	1383.700
58	1383.200
60	1381.400
73	1383.200
74	1383.600
84	1382.700
89	1384.100
21	1416.900
34	1416.900
2	1424.000
4	1424.900
19	1423.800
31	1424.500
70	1424.900
73	1425.000
14	1425.900
23	1426.300
46	1425.500
52	1426.200
56	1426.200
66	1425.800
2	1432.500
3	1432.500
5	1432.100
6	1432.500
8	1432.400
10	1433.700
13	1432.600
15	1432.300
22	1433.200
23	1432.700
24	1433.900
25	1433.700
27	1433.100
28	1432.800
29	1432.200
30	1432.200
31	1433.700
33	1434.100
34	1432.200
35	1433.100
38	1432.800
39	1431.800
41	1432.200
42	1432.400
43	1432.100
44	1432.200
47	1432.100
50	1432.600
52	1432.500
53	1432.700
54	1432.700
57	1432.200
58	1432.000
61	1432.300
62	1432.900
64	1433.100
67	1432.200
69	1432.400
71	1432.500
72	1432.400
74	1432.700
76	1432.500
79	1432.700
81	1432.900
83	1432.800
84	1433.200
85	1433.100
86	1432.400
89	1432.500
90	1433.400
1	1438.100
1	1438.700
1	1439.400
2	1438.000
2	1438.600
2	1439.300
3	1438.100
3	1438.700
3	1439.400
4	1438.000
4	1438.600
4	1439.300
5	1438.100
5	1438.700
5	1439.400
6	1438.100
6	1438.700
6	1439.400
7	1438.100
7	1438.700
7	1439.400
8	1438.100
8	1438.700
8	1439.400
9	1438.100
9	1438.700
9	1439.400
10	1438.100
10	1438.700
10	1439.400
11	1438.100
11	1438.700
11	1439.400
12	1438.100
12	1438.700
12	1439.400
13	1438.100
13	1438.700
13	1439.400
14	1438.000
14	1438.600
14	1439.300
15	1438.000
15	1438.600
15	1439.300
16	1438.100
16	1438.700
16	1439.400
17	1438.100
17	1438.700
17	1439.400
18	1438.100
18	1438.700
18	1439.400
19	1438.000
19	1438.600
19	1439.300
20	1438.200
20	1438.900
20	1439.600
21	1438.000
21	1438.600
21	1439.300
22	1438.100
22	1438.700
22	1439.400
23	1438.000
23	1438.600
23	1439.300
24	1438.100
24	1438.700
24	1439.400
25	1438.100
25	1438.700
25	1439.400
26	1438.200
26	1438.800
26	1439.500
27	1438.100
27	1438.800
27	1439.500
28	1438.100
28	1438.700
28	1439.400
29	1438.000
29	1438.600
29	1439.300
30	1438.100
30	1438.700
30	1439.400
31	1438.100
31	1438.700
31	1439.400
32	1438.300
32	1439.000
32	1439.800
33	1438.000
33	1438.600
33	1439.300
34	1438.000
34	1438.600
34	1439.300
35	1438.100
35	1438.700
35	1439.400
36	1438.100
36	1438.700
36	1439.400
37	1438.100
37	1438.700
37	1439.400
38	1438.100
38	1438.700
38	1439.400
39	1438.000
39	1438.600
39	1439.300
40	1438.300
40	1438.900
40	1439.600
41	1438.100
41	1438.700
41	1439.400
42	1438.100
42	1438.700
42	1439.400
43	1438.000
43	1438.600
43	1439.300
44	1438.000
44	1438.600
44	1439.300
45	1438.100
45	1438.700
45	1439.400
46	1438.100
46	1438.700
46	1439.400
47	1438.000
47	1438.600
47	1439.300
48	1438.100
48	1438.700
48	1439.400
49	1438.100
49	1438.700
49	1439.400
50	1438.100
50	1438.700
50	1439.400
51	1438.200
51	1438.800
51	1439.500
52	1438.000
52	1438.600
52	1439.300
53	1438.100
53	1438.700
53	1439.400
54	1438.100
54	1438.700
54	1439.400
55	1438.100
55	1438.700
55	1439.400
56	1438.000
56	1438.600
56	1439.300
57	1438.100
57	1438.700
57	1439.400
58	1438.000
58	1438.600
58	1439.300
59	1438.200
59	1438.900
59	1439.600
60	1438.100
60	1438.700
60	1439.400
61	1438.100
61	1438.700
61	1439.400
62	1438.100
62	1438.800
62	1439.500
63	1438.100
63	1438.700
63	1439.400
64	1438.100
64	1438.800
64	1439.500
65	1438.200
65	1438.800
65	1439.500
66	1438.100
66	1438.700
66	1439.400
67	1438.100
67	1438.700
67	1439.400
68	1438.100
68	1438.700
68	1439.400
69	1438.100
69	1438.700
69	1439.400
70	1438.100
70	1438.700
70	1439.400
71	1438.100
71	1438.700
71	1439.400
72	1438.100
72	1438.700
72	1439.400
73	1438.000
73	1438.600
73	1439.300
74	1438.100
74	1438.700
74	1439.400
75	1438.100
75	1438.700
75	1439.400
76	1438.100
76	1438.700
76	1439.400
77	1438.300
77	1438.900
77	1439.600
78	1438.100
78	1438.700
78	1439.400
79	1438.100
79	1438.700
79	1439.400
80	1438.100
80	1438.700
80	1439.400
81	1438.100
81	1438.700
81	1439.400
82	1438.100
82	1438.700
82	1439.400
83	1438.100
83	1438.700
83	1439.400
84	1438.100
84	1438.800
84	1439.500
85	1438.100
85	1438.800
85	1439.500
86	1438.100
86	1438.700
86	1439.400
87	1438.200
87	1438.800
87	1439.500
88	1438.100
88	1438.700
88	1439.400
89	1438.100
89	1438.700
89	1439.400
90	1438.100
90	1438.800
90	1439.500
1	1441.200
2	1440.400
3	1441.500
4	1440.500
5	1441.100
6	1441.100
7	1441.200
8	1440.900
9	1441.100
10	1442.100
11	1440.900
12	1440.800
13	1441.300
14	1440.400
15	1440.400
16	1441.000
17	1441.000
18	1441.300
19	1440.400
21	1440.500
22	1441.000
23	1440.500
24	1441.500
25	1441.600
28	1440.800
29	1440.400
30	1441.400
31	1441.300
33	1441.000
34	1440.500
35	1441.300
36	1442.400
37	1441.500
38	1441.000
39	1440.500
41	1441.400
42	1441.200
43	1440.400
44	1440.400
45	1440.900
46	1441.200
47	1440.500
48	1441.100
49	1441.400
50	1440.900
52	1440.500
53	1440.900
54	1441.400
55	1441.400
56	1440.400
57	1442.300
58	1440.500
60	1441.300
61	1441.700
63	1441.000
66	1441.000
67	1441.000
68	1441.000
69	1440.800
70	1441.100
71	1441.500
72	1441.100
73	1440.400
74	1441.100
75	1441.000
76	1441.000
78	1441.000
79	1441.700
80	1440.900
81	1441.200
82	1441.100
83	1441.100
85	1442.200
86	1441.100
88	1440.800
89	1441.000
2	1487.700
3	1487.500
5	1489.900
7	1488.000
8	1488.400
9	1488.100
10	1488.700
11	1488.300
12	1489.000
13	1489.500
14	1487.000
17	1487.600
18	1488.700
19	1488.800
20	1489.200
21	1489.400
22	1488.700
23	1487.100
24	1488.300
25	1489.500
26	1489.800
28	1488.300
29	1489.000
30	1488.500
31	1488.800
32	1487.200
33	1486.600
34	1487.200
35	1489.700
37	1489.100
38	1488.400
39	1488.500
40	1489.700
42	1488.500
43	1487.500
44	1488.800
46	1488.400
47	1488.800
48	1489.300
49	1489.500
50	1489.500
51	1487.800
52	1488.900
54	1488.900
55	1489.700
56	1488.500
57	1487.200
58	1488.700
59	1489.500
60	1488.500
61	1486.900
62	1488.500
63	1489.400
64	1488.700
65	1489.600
66	1488.500
67	1487.600
69	1488.900
70	1489.900
71	1489.900
72	1489.300
73	1488.200
75	1489.900
76	1487.300
77	1488.800
78	1489.500
79	1489.700
82	1488.200
84	1488.800
85	1487.900
86	1488.700
87	1489.000
89	1487.800
90	1486.600
1	1490.300
4	1490.400
6	1490.900
16	1490.200
27	1490.700
36	1490.600
41	1490.100
45	1490.200
53	1490.300
68	1490.200
80	1490.300
81	1490.600
88	1490.400
